MSE Variance Bias
0.012462229389133488  6.19657372390305e-06 0.012456032815409562 
0.0030344570464281764  4.568543931978093e-06 0.0030298885024961824 
0.001359428232127933  4.199864976934581e-06 0.0013552283671510268 
0.0011196999310175008  1.5465537832485953e-05 0.0011042343931850175 
0.0008855592086071935  5.4874803549549865e-06 0.0008800717282522464 
0.0006274777370969146  7.2021639863051934e-06 0.0006202755731105998 
0.000528100162368335  6.227974224496642e-06 0.0005218721881438408 
0.0004944362550018007  4.32101325807471e-06 0.0004901152417437352 
0.00047852037809594823  4.064250683484998e-06 0.00047445612741245727 
0.00047881317317589227  4.414207520261772e-06 0.00047439896565562296 
