MSE Variance Bias
0.012462201004323435  6.695449342532653e-06 0.01245550555498098 
0.0030183415247370332  4.401945003446912e-06 0.003013939579733592 
0.001212526940691541  4.650829828493169e-06 0.001207876110863042 
0.0008737762995968771  6.086838448652635e-06 0.000867689461148248 
0.00040724967638863726  4.149723076586226e-06 0.0004030999533120584 
0.0002709090120545313  3.580764806430674e-06 0.0002673282472480929 
0.00021093150667475668  4.328539193311798e-06 0.00020660296748144298 
0.00019145263878030995  5.1404743422099605e-06 0.00018631216443810045 
0.00016932321652009429  5.190387477292327e-06 0.000164132829042802 
0.00015502392587834349  4.540562473991942e-06 0.00015048336340434682 
