MSE Variance Bias
0.012455503005037585  7.152605707351171e-06 0.01244835039933025 
0.0030186715735575323  4.423111877027142e-06 0.003014248461680485 
0.001211700434311102  4.968853066559051e-06 0.0012067315812445694 
0.0008752494727735889  6.532410328008955e-06 0.000868717062445584 
0.00040664864871866284  3.7335765584345245e-06 0.0004029150721602358 
0.00027076673595112326  3.402580780655591e-06 0.0002673641551704702 
0.00021016788137467733  4.0547217995474114e-06 0.0002061131595751296 
0.0001926851933840325  5.64562243753856e-06 0.0001870395709464917 
0.00016858508297222502  5.433224407485022e-06 0.00016315185856473759 
0.00014315687174604896  9.509916152234193e-06 0.00013364695559381424 
