MSE Variance Bias
0.09291023864376345  0.00024791688618466644 0.09266232175757877 
0.031917676418821116  0.0002721341402912305 0.03164554227852988 
0.0317137051399329  0.00051519391697824 0.03119851122295466 
0.021700094204449336  0.0005029656814634337 0.0211971285229859 
0.02017053710524459  0.0005398406428378617 0.019630696462406734 
0.018606423779725288  0.0005595527156571739 0.018046871064068118 
0.017994342731816958  0.0005456086114356454 0.01744873412038131 
0.017544639483479695  0.0005192631563723236 0.01702537632710737 
0.01740731501547554  0.0005688411217504923 0.01683847389372505 
0.017059519520974366  0.0006045635864798673 0.016454955934494496 
0.01680662810828963  0.000580246036674423 0.016226382071615204 
0.016720769455991193  0.0007172003338199453 0.016003569122171248 
