MSE Variance Bias
0.09222048587605804  0.000386505444711078 0.09183398043134695 
0.032036949696435904  0.00026856456643868713 0.03176838512999721 
0.031666778277876236  0.0005714012740787521 0.031095377003797487 
0.021528689730633852  0.0005370032355034758 0.02099168649513038 
0.017616235495661808  0.000724176839228734 0.016892058656433073 
0.016032986032420888  0.0011055144299301379 0.01492747160249075 
0.014534863381924378  0.0022071235299753245 0.01232773985194906 
0.01605659793050127  0.0033303643462681914 0.012726233584233082 
0.02136577484910738  0.007222838447887353 0.014142936401220028 
0.0223496566445007  0.010080557820641848 0.012269098823858848 
0.057655674961035984  0.04482409332633426 0.012831581634701716 
1.1475954333727825  1.1319995453117566 0.015595888061025853 
