MSE Variance Bias
0.09181042812853682  0.00026641337867159057 0.09154401474986522 
0.0321282761356069  0.0003049605331124073 0.0318233156024945 
0.031845093151256186  0.0005563207823772184 0.03128877236887897 
0.021530920915078824  0.0005396985301873293 0.0209912223848915 
0.0217029347910414  0.0005956265817008814 0.021107308209340515 
0.020353296210505408  0.0006642600581311037 0.019689036152374308 
0.01745751698883253  0.0006389710947934853 0.016818545894039045 
0.01705671290894923  0.0006675260885259948 0.016389186820423236 
0.017564811422217958  0.0007319781109334557 0.016832833311284507 
0.0178642019020607  0.0008030071933749865 0.017061194708685713 
0.01769362023228328  0.0008651440761178297 0.016828476156165454 
0.017166937360656456  0.0008816717462016746 0.016285265614454782 
